[['Term'], ['Beginning Balance', 'Rental', 'Interest', 'Pricipal', 'Ending Balance']]
[[1], [368000.0, 1737.45, 907.73, 829.72, 367170.28]]
[[2], [367170.28, 1737.45, 905.69, 831.76, 366338.52]]
[[3], [366338.52, 1737.45, 903.64, 833.81, 365504.71]]
[[4], [365504.71, 1737.45, 901.58, 835.87, 364668.84]]
[[5], [364668.84, 1737.45, 899.52, 837.93, 363830.91]]
[[6], [363830.91, 1737.45, 897.45, 840.0, 362990.91]]
[[7], [362990.91, 1737.45, 895.38, 842.07, 362148.84]]
[[8], [362148.84, 1737.45, 893.3, 844.15, 361304.69]]
[[9], [361304.69, 1737.45, 891.22, 846.23, 360458.46]]
[[10], [360458.46, 1737.45, 889.13, 848.32, 359610.14]]
[[11], [359610.14, 1737.45, 887.04, 850.41, 358759.73]]
[[12], [358759.73, 1737.45, 884.94, 852.51, 357907.22]]
[[13], [357907.22, 1737.45, 882.84, 854.61, 357052.61]]
[[14], [357052.61, 1737.45, 880.73, 856.72, 356195.89]]
[[15], [356195.89, 1737.45, 878.62, 858.83, 355337.06]]
[[16], [355337.06, 1737.45, 876.5, 860.95, 354476.11]]
[[17], [354476.11, 1737.45, 874.37, 863.08, 353613.03]]
[[18], [353613.03, 1737.45, 872.25, 865.2, 352747.83]]
[[19], [352747.83, 1737.45, 870.11, 867.34, 351880.49]]
[[20], [351880.49, 1737.45, 867.97, 869.48, 351011.01]]
[[21], [351011.01, 1737.45, 865.83, 871.62, 350139.39]]
[[22], [350139.39, 1737.45, 863.68, 873.77, 349265.62]]
[[23], [349265.62, 1737.45, 861.52, 875.93, 348389.69]]
[[24], [348389.69, 1737.45, 859.36, 878.09, 347511.6]]
[[25], [347511.6, 1737.45, 857.2, 880.25, 346631.35]]
[[26], [346631.35, 1737.45, 855.02, 882.43, 345748.92]]
[[27], [345748.92, 1737.45, 852.85, 884.6, 344864.32]]
[[28], [344864.32, 1737.45, 850.67, 886.78, 343977.54]]
[[29], [343977.54, 1737.45, 848.48, 888.97, 343088.57]]
[[30], [343088.57, 1737.45, 846.29, 891.16, 342197.41]]
[[31], [342197.41, 1737.45, 844.09, 893.36, 341304.05]]
[[32], [341304.05, 1737.45, 841.88, 895.57, 340408.48]]
[[33], [340408.48, 1737.45, 839.67, 897.78, 339510.7]]
[[34], [339510.7, 1737.45, 837.46, 899.99, 338610.71]]
[[35], [338610.71, 1737.45, 835.24, 902.21, 337708.5]]
[[36], [337708.5, 1737.45, 833.01, 904.44, 336804.06]]
[[37], [336804.06, 1737.45, 830.78, 906.67, 335897.39]]
[[38], [335897.39, 1737.45, 828.55, 908.9, 334988.49]]
[[39], [334988.49, 1737.45, 826.3, 911.15, 334077.34]]
[[40], [334077.34, 1737.45, 824.06, 913.39, 333163.95]]
[[41], [333163.95, 1737.45, 821.8, 915.65, 332248.3]]
[[42], [332248.3, 1737.45, 819.55, 917.9, 331330.4]]
[[43], [331330.4, 1737.45, 817.28, 920.17, 330410.23]]
[[44], [330410.23, 1737.45, 815.01, 922.44, 329487.79]]
[[45], [329487.79, 1737.45, 812.74, 924.71, 328563.08]]
[[46], [328563.08, 1737.45, 810.46, 926.99, 327636.09]]
[[47], [327636.09, 1737.45, 808.17, 929.28, 326706.81]]
[[48], [326706.81, 1737.45, 805.88, 931.57, 325775.24]]
[[49], [325775.24, 1737.45, 803.58, 933.87, 324841.37]]
[[50], [324841.37, 1737.45, 801.28, 936.17, 323905.2]]
[[51], [323905.2, 1737.45, 798.97, 938.48, 322966.72]]
[[52], [322966.72, 1737.45, 796.65, 940.8, 322025.92]]
[[53], [322025.92, 1737.45, 794.33, 943.12, 321082.8]]
[[54], [321082.8, 1737.45, 792.0, 945.45, 320137.35]]
[[55], [320137.35, 1737.45, 789.67, 947.78, 319189.57]]
[[56], [319189.57, 1737.45, 787.33, 950.12, 318239.45]]
[[57], [318239.45, 1737.45, 784.99, 952.46, 317286.99]]
[[58], [317286.99, 1737.45, 782.64, 954.81, 316332.18]]
[[59], [316332.18, 1737.45, 780.29, 957.16, 315375.02]]
[[60], [315375.02, 1737.45, 777.93, 959.52, 314415.5]]
[[61], [314415.5, 1737.45, 775.56, 961.89, 313453.61]]
[[62], [313453.61, 1737.45, 773.19, 964.26, 312489.35]]
[[63], [312489.35, 1737.45, 770.81, 966.64, 311522.71]]
[[64], [311522.71, 1737.45, 768.42, 969.03, 310553.68]]
[[65], [310553.68, 1737.45, 766.03, 971.42, 309582.26]]
[[66], [309582.26, 1737.45, 763.64, 973.81, 308608.45]]
[[67], [308608.45, 1737.45, 761.23, 976.22, 307632.23]]
[[68], [307632.23, 1737.45, 758.83, 978.62, 306653.61]]
[[69], [306653.61, 1737.45, 756.41, 981.04, 305672.57]]
[[70], [305672.57, 1737.45, 753.99, 983.46, 304689.11]]
[[71], [304689.11, 1737.45, 751.57, 985.88, 303703.23]]
[[72], [303703.23, 1737.45, 749.13, 988.32, 302714.91]]
[[73], [302714.91, 1737.45, 746.7, 990.75, 301724.16]]
[[74], [301724.16, 1737.45, 744.25, 993.2, 300730.96]]
[[75], [300730.96, 1737.45, 741.8, 995.65, 299735.31]]
[[76], [299735.31, 1737.45, 739.35, 998.1, 298737.21]]
[[77], [298737.21, 1737.45, 736.89, 1000.56, 297736.65]]
[[78], [297736.65, 1737.45, 734.42, 1003.03, 296733.62]]
[[79], [296733.62, 1737.45, 731.94, 1005.51, 295728.11]]
[[80], [295728.11, 1737.45, 729.46, 1007.99, 294720.12]]
[[81], [294720.12, 1737.45, 726.98, 1010.47, 293709.65]]
[[82], [293709.65, 1737.45, 724.48, 1012.97, 292696.68]]
[[83], [292696.68, 1737.45, 721.99, 1015.46, 291681.22]]
[[84], [291681.22, 1737.45, 719.48, 1017.97, 290663.25]]
[[85], [290663.25, 1737.45, 716.97, 1020.48, 289642.77]]
[[86], [289642.77, 1737.45, 714.45, 1023.0, 288619.77]]
[[87], [288619.77, 1737.45, 711.93, 1025.52, 287594.25]]
[[88], [287594.25, 1737.45, 709.4, 1028.05, 286566.2]]
[[89], [286566.2, 1737.45, 706.86, 1030.59, 285535.61]]
[[90], [285535.61, 1737.45, 704.32, 1033.13, 284502.48]]
[[91], [284502.48, 1737.45, 701.77, 1035.68, 283466.8]]
[[92], [283466.8, 1737.45, 699.22, 1038.23, 282428.57]]
[[93], [282428.57, 1737.45, 696.66, 1040.79, 281387.78]]
[[94], [281387.78, 1737.45, 694.09, 1043.36, 280344.42]]
[[95], [280344.42, 1737.45, 691.52, 1045.93, 279298.49]]
[[96], [279298.49, 1737.45, 688.94, 1048.51, 278249.98]]
[[97], [278249.98, 1737.45, 686.35, 1051.1, 277198.88]]
[[98], [277198.88, 1737.45, 683.76, 1053.69, 276145.19]]
[[99], [276145.19, 1737.45, 681.16, 1056.29, 275088.9]]
[[100], [275088.9, 1737.45, 678.55, 1058.9, 274030.0]]
[[101], [274030.0, 1737.45, 675.94, 1061.51, 272968.49]]
[[102], [272968.49, 1737.45, 673.32, 1064.13, 271904.36]]
[[103], [271904.36, 1737.45, 670.7, 1066.75, 270837.61]]
[[104], [270837.61, 1737.45, 668.07, 1069.38, 269768.23]]
[[105], [269768.23, 1737.45, 665.43, 1072.02, 268696.21]]
[[106], [268696.21, 1737.45, 662.78, 1074.67, 267621.54]]
[[107], [267621.54, 1737.45, 660.13, 1077.32, 266544.22]]
[[108], [266544.22, 1737.45, 657.48, 1079.97, 265464.25]]
[[109], [265464.25, 1737.45, 654.81, 1082.64, 264381.61]]
[[110], [264381.61, 1737.45, 652.14, 1085.31, 263296.3]]
[[111], [263296.3, 1737.45, 649.46, 1087.99, 262208.31]]
[[112], [262208.31, 1737.45, 646.78, 1090.67, 261117.64]]
[[113], [261117.64, 1737.45, 644.09, 1093.36, 260024.28]]
[[114], [260024.28, 1737.45, 641.39, 1096.06, 258928.22]]
[[115], [258928.22, 1737.45, 638.69, 1098.76, 257829.46]]
[[116], [257829.46, 1737.45, 635.98, 1101.47, 256727.99]]
[[117], [256727.99, 1737.45, 633.26, 1104.19, 255623.8]]
[[118], [255623.8, 1737.45, 630.54, 1106.91, 254516.89]]
[[119], [254516.89, 1737.45, 627.81, 1109.64, 253407.25]]
[[120], [253407.25, 1737.45, 625.07, 1112.38, 252294.87]]
[[121], [252294.87, 1737.45, 622.33, 1115.12, 251179.75]]
[[122], [251179.75, 1737.45, 619.58, 1117.87, 250061.88]]
[[123], [250061.88, 1737.45, 616.82, 1120.63, 248941.25]]
[[124], [248941.25, 1737.45, 614.06, 1123.39, 247817.86]]
[[125], [247817.86, 1737.45, 611.28, 1126.17, 246691.69]]
[[126], [246691.69, 1737.45, 608.51, 1128.94, 245562.75]]
[[127], [245562.75, 1737.45, 605.72, 1131.73, 244431.02]]
[[128], [244431.02, 1737.45, 602.93, 1134.52, 243296.5]]
[[129], [243296.5, 1737.45, 600.13, 1137.32, 242159.18]]
[[130], [242159.18, 1737.45, 597.33, 1140.12, 241019.06]]
[[131], [241019.06, 1737.45, 594.51, 1142.94, 239876.12]]
[[132], [239876.12, 1737.45, 591.69, 1145.76, 238730.36]]
[[133], [238730.36, 1737.45, 588.87, 1148.58, 237581.78]]
[[134], [237581.78, 1737.45, 586.04, 1151.41, 236430.37]]
[[135], [236430.37, 1737.45, 583.19, 1154.26, 235276.11]]
[[136], [235276.11, 1737.45, 580.35, 1157.1, 234119.01]]
[[137], [234119.01, 1737.45, 577.49, 1159.96, 232959.05]]
[[138], [232959.05, 1737.45, 574.63, 1162.82, 231796.23]]
[[139], [231796.23, 1737.45, 571.76, 1165.69, 230630.54]]
[[140], [230630.54, 1737.45, 568.89, 1168.56, 229461.98]]
[[141], [229461.98, 1737.45, 566.01, 1171.44, 228290.54]]
[[142], [228290.54, 1737.45, 563.12, 1174.33, 227116.21]]
[[143], [227116.21, 1737.45, 560.22, 1177.23, 225938.98]]
[[144], [225938.98, 1737.45, 557.32, 1180.13, 224758.85]]
[[145], [224758.85, 1737.45, 554.41, 1183.04, 223575.81]]
[[146], [223575.81, 1737.45, 551.49, 1185.96, 222389.85]]
[[147], [222389.85, 1737.45, 548.56, 1188.89, 221200.96]]
[[148], [221200.96, 1737.45, 545.63, 1191.82, 220009.14]]
[[149], [220009.14, 1737.45, 542.69, 1194.76, 218814.38]]
[[150], [218814.38, 1737.45, 539.74, 1197.71, 217616.67]]
[[151], [217616.67, 1737.45, 536.79, 1200.66, 216416.01]]
[[152], [216416.01, 1737.45, 533.83, 1203.62, 215212.39]]
[[153], [215212.39, 1737.45, 530.86, 1206.59, 214005.8]]
[[154], [214005.8, 1737.45, 527.88, 1209.57, 212796.23]]
[[155], [212796.23, 1737.45, 524.9, 1212.55, 211583.68]]
[[156], [211583.68, 1737.45, 521.91, 1215.54, 210368.14]]
[[157], [210368.14, 1737.45, 518.91, 1218.54, 209149.6]]
[[158], [209149.6, 1737.45, 515.9, 1221.55, 207928.05]]
[[159], [207928.05, 1737.45, 512.89, 1224.56, 206703.49]]
[[160], [206703.49, 1737.45, 509.87, 1227.58, 205475.91]]
[[161], [205475.91, 1737.45, 506.84, 1230.61, 204245.3]]
[[162], [204245.3, 1737.45, 503.81, 1233.64, 203011.66]]
[[163], [203011.66, 1737.45, 500.76, 1236.69, 201774.97]]
[[164], [201774.97, 1737.45, 497.71, 1239.74, 200535.23]]
[[165], [200535.23, 1737.45, 494.65, 1242.8, 199292.43]]
[[166], [199292.43, 1737.45, 491.59, 1245.86, 198046.57]]
[[167], [198046.57, 1737.45, 488.51, 1248.94, 196797.63]]
[[168], [196797.63, 1737.45, 485.43, 1252.02, 195545.61]]
[[169], [195545.61, 1737.45, 482.35, 1255.1, 194290.51]]
[[170], [194290.51, 1737.45, 479.25, 1258.2, 193032.31]]
[[171], [193032.31, 1737.45, 476.15, 1261.3, 191771.01]]
[[172], [191771.01, 1737.45, 473.04, 1264.41, 190506.6]]
[[173], [190506.6, 1737.45, 469.92, 1267.53, 189239.07]]
[[174], [189239.07, 1737.45, 466.79, 1270.66, 187968.41]]
[[175], [187968.41, 1737.45, 463.66, 1273.79, 186694.62]]
[[176], [186694.62, 1737.45, 460.51, 1276.94, 185417.68]]
[[177], [185417.68, 1737.45, 457.36, 1280.09, 184137.59]]
[[178], [184137.59, 1737.45, 454.21, 1283.24, 182854.35]]
[[179], [182854.35, 1737.45, 451.04, 1286.41, 181567.94]]
[[180], [181567.94, 1737.45, 447.87, 1289.58, 180278.36]]
[[181], [180278.36, 1737.45, 444.69, 1292.76, 178985.6]]
[[182], [178985.6, 1737.45, 441.5, 1295.95, 177689.65]]
[[183], [177689.65, 1737.45, 438.3, 1299.15, 176390.5]]
[[184], [176390.5, 1737.45, 435.1, 1302.35, 175088.15]]
[[185], [175088.15, 1737.45, 431.88, 1305.57, 173782.58]]
[[186], [173782.58, 1737.45, 428.66, 1308.79, 172473.79]]
[[187], [172473.79, 1737.45, 425.44, 1312.01, 171161.78]]
[[188], [171161.78, 1737.45, 422.2, 1315.25, 169846.53]]
[[189], [169846.53, 1737.45, 418.95, 1318.5, 168528.03]]
[[190], [168528.03, 1737.45, 415.7, 1321.75, 167206.28]]
[[191], [167206.28, 1737.45, 412.44, 1325.01, 165881.27]]
[[192], [165881.27, 1737.45, 409.17, 1328.28, 164552.99]]
[[193], [164552.99, 1737.45, 405.9, 1331.55, 163221.44]]
[[194], [163221.44, 1737.45, 402.61, 1334.84, 161886.6]]
[[195], [161886.6, 1737.45, 399.32, 1338.13, 160548.47]]
[[196], [160548.47, 1737.45, 396.02, 1341.43, 159207.04]]
[[197], [159207.04, 1737.45, 392.71, 1344.74, 157862.3]]
[[198], [157862.3, 1737.45, 389.39, 1348.06, 156514.24]]
[[199], [156514.24, 1737.45, 386.07, 1351.38, 155162.86]]
[[200], [155162.86, 1737.45, 382.74, 1354.71, 153808.15]]
[[201], [153808.15, 1737.45, 379.39, 1358.06, 152450.09]]
[[202], [152450.09, 1737.45, 376.04, 1361.41, 151088.68]]
[[203], [151088.68, 1737.45, 372.69, 1364.76, 149723.92]]
[[204], [149723.92, 1737.45, 369.32, 1368.13, 148355.79]]
[[205], [148355.79, 1737.45, 365.94, 1371.51, 146984.28]]
[[206], [146984.28, 1737.45, 362.56, 1374.89, 145609.39]]
[[207], [145609.39, 1737.45, 359.17, 1378.28, 144231.11]]
[[208], [144231.11, 1737.45, 355.77, 1381.68, 142849.43]]
[[209], [142849.43, 1737.45, 352.36, 1385.09, 141464.34]]
[[210], [141464.34, 1737.45, 348.95, 1388.5, 140075.84]]
[[211], [140075.84, 1737.45, 345.52, 1391.93, 138683.91]]
[[212], [138683.91, 1737.45, 342.09, 1395.36, 137288.55]]
[[213], [137288.55, 1737.45, 338.65, 1398.8, 135889.75]]
[[214], [135889.75, 1737.45, 335.19, 1402.26, 134487.49]]
[[215], [134487.49, 1737.45, 331.74, 1405.71, 133081.78]]
[[216], [133081.78, 1737.45, 328.27, 1409.18, 131672.6]]
[[217], [131672.6, 1737.45, 324.79, 1412.66, 130259.94]]
[[218], [130259.94, 1737.45, 321.31, 1416.14, 128843.8]]
[[219], [128843.8, 1737.45, 317.81, 1419.64, 127424.16]]
[[220], [127424.16, 1737.45, 314.31, 1423.14, 126001.02]]
[[221], [126001.02, 1737.45, 310.8, 1426.65, 124574.37]]
[[222], [124574.37, 1737.45, 307.28, 1430.17, 123144.2]]
[[223], [123144.2, 1737.45, 303.76, 1433.69, 121710.51]]
[[224], [121710.51, 1737.45, 300.22, 1437.23, 120273.28]]
[[225], [120273.28, 1737.45, 296.67, 1440.78, 118832.5]]
[[226], [118832.5, 1737.45, 293.12, 1444.33, 117388.17]]
[[227], [117388.17, 1737.45, 289.56, 1447.89, 115940.28]]
[[228], [115940.28, 1737.45, 285.99, 1451.46, 114488.82]]
[[229], [114488.82, 1737.45, 282.41, 1455.04, 113033.78]]
[[230], [113033.78, 1737.45, 278.82, 1458.63, 111575.15]]
[[231], [111575.15, 1737.45, 275.22, 1462.23, 110112.92]]
[[232], [110112.92, 1737.45, 271.61, 1465.84, 108647.08]]
[[233], [108647.08, 1737.45, 268.0, 1469.45, 107177.63]]
[[234], [107177.63, 1737.45, 264.37, 1473.08, 105704.55]]
[[235], [105704.55, 1737.45, 260.74, 1476.71, 104227.84]]
[[236], [104227.84, 1737.45, 257.1, 1480.35, 102747.49]]
[[237], [102747.49, 1737.45, 253.44, 1484.01, 101263.48]]
[[238], [101263.48, 1737.45, 249.78, 1487.67, 99775.81]]
[[239], [99775.81, 1737.45, 246.11, 1491.34, 98284.47]]
[[240], [98284.47, 1737.45, 242.44, 1495.01, 96789.46]]
[[241], [96789.46, 1737.45, 238.75, 1498.7, 95290.76]]
[[242], [95290.76, 1737.45, 235.05, 1502.4, 93788.36]]
[[243], [93788.36, 1737.45, 231.34, 1506.11, 92282.25]]
[[244], [92282.25, 1737.45, 227.63, 1509.82, 90772.43]]
[[245], [90772.43, 1737.45, 223.91, 1513.54, 89258.89]]
[[246], [89258.89, 1737.45, 220.17, 1517.28, 87741.61]]
[[247], [87741.61, 1737.45, 216.43, 1521.02, 86220.59]]
[[248], [86220.59, 1737.45, 212.68, 1524.77, 84695.82]]
[[249], [84695.82, 1737.45, 208.92, 1528.53, 83167.29]]
[[250], [83167.29, 1737.45, 205.15, 1532.3, 81634.99]]
[[251], [81634.99, 1737.45, 201.37, 1536.08, 80098.91]]
[[252], [80098.91, 1737.45, 197.58, 1539.87, 78559.04]]
[[253], [78559.04, 1737.45, 193.78, 1543.67, 77015.37]]
[[254], [77015.37, 1737.45, 189.97, 1547.48, 75467.89]]
[[255], [75467.89, 1737.45, 186.15, 1551.3, 73916.59]]
[[256], [73916.59, 1737.45, 182.33, 1555.12, 72361.47]]
[[257], [72361.47, 1737.45, 178.49, 1558.96, 70802.51]]
[[258], [70802.51, 1737.45, 174.65, 1562.8, 69239.71]]
[[259], [69239.71, 1737.45, 170.79, 1566.66, 67673.05]]
[[260], [67673.05, 1737.45, 166.93, 1570.52, 66102.53]]
[[261], [66102.53, 1737.45, 163.05, 1574.4, 64528.13]]
[[262], [64528.13, 1737.45, 159.17, 1578.28, 62949.85]]
[[263], [62949.85, 1737.45, 155.28, 1582.17, 61367.68]]
[[264], [61367.68, 1737.45, 151.37, 1586.08, 59781.6]]
[[265], [59781.6, 1737.45, 147.46, 1589.99, 58191.61]]
[[266], [58191.61, 1737.45, 143.54, 1593.91, 56597.7]]
[[267], [56597.7, 1737.45, 139.61, 1597.84, 54999.86]]
[[268], [54999.86, 1737.45, 135.67, 1601.78, 53398.08]]
[[269], [53398.08, 1737.45, 131.72, 1605.73, 51792.35]]
[[270], [51792.35, 1737.45, 127.75, 1609.7, 50182.65]]
[[271], [50182.65, 1737.45, 123.78, 1613.67, 48568.98]]
[[272], [48568.98, 1737.45, 119.8, 1617.65, 46951.33]]
[[273], [46951.33, 1737.45, 115.81, 1621.64, 45329.69]]
[[274], [45329.69, 1737.45, 111.81, 1625.64, 43704.05]]
[[275], [43704.05, 1737.45, 107.8, 1629.65, 42074.4]]
[[276], [42074.4, 1737.45, 103.78, 1633.67, 40440.73]]
[[277], [40440.73, 1737.45, 99.75, 1637.7, 38803.03]]
[[278], [38803.03, 1737.45, 95.71, 1641.74, 37161.29]]
[[279], [37161.29, 1737.45, 91.66, 1645.79, 35515.5]]
[[280], [35515.5, 1737.45, 87.6, 1649.85, 33865.65]]
[[281], [33865.65, 1737.45, 83.54, 1653.91, 32211.74]]
[[282], [32211.74, 1737.45, 79.46, 1657.99, 30553.75]]
[[283], [30553.75, 1737.45, 75.37, 1662.08, 28891.67]]
[[284], [28891.67, 1737.45, 71.27, 1666.18, 27225.49]]
[[285], [27225.49, 1737.45, 67.16, 1670.29, 25555.2]]
[[286], [25555.2, 1737.45, 63.04, 1674.41, 23880.79]]
[[287], [23880.79, 1737.45, 58.91, 1678.54, 22202.25]]
[[288], [22202.25, 1737.45, 54.77, 1682.68, 20519.57]]
[[289], [20519.57, 1737.45, 50.61, 1686.84, 18832.73]]
[[290], [18832.73, 1737.45, 46.45, 1691.0, 17141.73]]
[[291], [17141.73, 1737.45, 42.28, 1695.17, 15446.56]]
[[292], [15446.56, 1737.45, 38.1, 1699.35, 13747.21]]
[[293], [13747.21, 1737.45, 33.91, 1703.54, 12043.67]]
[[294], [12043.67, 1737.45, 29.71, 1707.74, 10335.93]]
[[295], [10335.93, 1737.45, 25.5, 1711.95, 8623.98]]
[[296], [8623.98, 1737.45, 21.27, 1716.18, 6907.8]]
[[297], [6907.8, 1737.45, 17.04, 1720.41, 5187.39]]
[[298], [5187.39, 1737.45, 12.8, 1724.65, 3462.74]]
[[299], [3462.74, 1737.45, 8.54, 1728.91, 1733.83]]
[[300], [1733.83, 1737.45, 4.28, 1733.17, 0.66]]
